3611cb454dac3cf432dfcb44ced94fba:
  source_path: gs://gcp-public-data-arco-era5/ar/1959-2022-full_37-1h-0p25deg-chunk-1.zarr-v2
  start_datetime: 2019-01-01T00:00:00
  end_datetime: 2019-01-01T04:00:00
  hours_delta_time: 1.0
  variables: ['temperature']
  levels: [1000]
  date_downloaded: 2024-11-06T17:20:44.157576
24e894fa0997e1d129a499c49f022ce0:
  source_path: gs://gcp-public-data-arco-era5/ar/1959-2022-full_37-1h-0p25deg-chunk-1.zarr-v2
  start_datetime: 2019-01-01T00:00:00
  end_datetime: 2019-01-01T04:00:00
  hours_delta_time: 1.0
  variables: ['u_component_of_wind']
  levels: [10]
  date_downloaded: 2024-11-06T17:29:43.395375
